1 1 41 0.000000 0.000000 -0.000000
2 1 341 -0.222805 0.056891 -0.423000
3 2 40 42 0.030000
4 2 115 117 0.030000
5 2 190 192 0.030000
6 2 265 267 0.030000
7 2 340 342 0.040000
8 3 7 8 9 11 -0.769891 -0.589831 -9.554982
9 3 10 11 12 14 -0.645709 -0.632372 -9.679948
10 3 13 14 15 17 -0.926346 -1.040907 -9.948435
11 3 16 17 18 20 -0.996444 -0.779442 -9.757597
12 3 19 20 21 23 -0.767017 -0.448438 -9.501585
13 3 22 23 24 26 -0.850148 -0.808156 -9.835815
14 3 25 26 27 29 -1.016096 -0.998974 -9.842278
15 3 28 29 30 32 -0.815943 -0.621987 -9.618568
16 3 31 32 33 35 -0.637893 -0.511652 -9.587285
17 3 34 35 36 38 -0.912048 -1.007457 -9.971637
18 3 37 38 39 41 -1.041868 -0.908008 -9.832177
19 3 40 41 42 44 -0.775814 -0.503738 -9.552942
20 3 43 44 45 47 -0.743648 -0.678983 -9.783300
21 3 46 47 48 50 -0.965837 -0.983823 -9.881004
22 3 49 50 51 53 -0.875959 -0.733282 -9.680605
23 3 52 53 54 56 -0.665342 -0.560087 -9.569780
24 3 55 56 57 59 -0.876312 -0.968260 -9.951975
25 3 58 59 60 62 -1.027658 -0.888992 -9.810602
26 3 61 62 63 65 -0.800958 -0.516899 -9.520413
27 3 64 65 66 68 -0.726408 -0.629293 -9.714105
28 3 67 68 69 71 -0.959306 -1.058638 -9.946424
29 3 70 71 72 74 -0.930455 -0.792730 -9.765737
30 3 73 74 75 77 -0.655898 -0.461266 -9.519119
31 3 76 77 78 80 -0.832408 -0.827112 -9.844288
32 3 79 80 81 83 -1.030679 -0.993168 -9.819124
33 3 82 83 84 86 -0.836517 -0.630509 -9.616960
34 3 85 86 87 89 -0.663626 -0.560901 -9.617342
35 3 88 89 90 92 -0.933436 -0.999719 -9.934078
36 3 91 92 93 95 -0.980842 -0.831163 -9.771552
37 3 94 95 96 98 -0.734891 -0.472975 -9.482374
38 3 97 98 99 101 -0.795849 -0.755387 -9.823861
39 3 100 101 102 104 -1.019382 -0.975811 -9.890771
40 3 103 104 105 107 -0.898250 -0.648092 -9.647527
41 3 106 107 108 110 -0.676031 -0.517497 -9.557139
42 3 109 110 111 113 -0.894592 -0.986117 -9.946267
43 3 112 113 114 116 -0.986245 -0.898613 -9.837266
44 3 115 116 117 119 -0.756357 -0.509495 -9.538928
45 3 118 119 120 122 -0.723603 -0.661135 -9.786017
46 3 121 122 123 125 -0.991756 -1.023814 -9.932165
47 3 124 125 126 128 -0.957158 -0.789122 -9.747653
48 3 127 128 129 131 -0.677561 -0.500679 -9.547853
49 3 130 131 132 134 -0.807283 -0.869968 -9.894910
50 3 133 134 135 137 -0.982862 -0.929396 -9.799011
51 3 136 137 138 140 -0.798879 -0.570257 -9.589756
52 3 139 140 141 143 -0.695399 -0.629852 -9.704749
53 3 142 143 144 146 -0.958227 -1.045693 -9.941482
54 3 145 146 147 149 -0.954844 -0.749640 -9.756391
55 3 148 149 150 152 -0.685593 -0.435974 -9.492229
56 3 151 152 153 155 -0.817374 -0.862564 -9.851819
57 3 154 155 156 158 -1.006810 -1.029061 -9.886996
58 3 157 158 159 161 -0.833948 -0.602903 -9.631748
59 3 160 161 162 164 -0.693801 -0.520508 -9.586942
60 3 163 164 165 167 -0.953736 -0.993021 -9.936421
61 3 166 167 168 170 -0.993237 -0.850403 -9.785732
62 3 169 170 171 173 -0.746727 -0.478290 -9.502055
63 3 172 173 174 176 -0.795388 -0.754112 -9.852712
64 3 175 176 177 179 -0.982509 -0.974055 -9.895704
65 3 178 179 180 182 -0.849187 -0.619574 -9.620922
66 3 181 182 183 185 -0.658987 -0.492186 -9.579028
67 3 184 185 186 188 -0.902094 -1.000661 -9.935578
68 3 187 188 189 191 -1.006456 -0.871370 -9.803394
69 3 190 191 192 194 -0.760712 -0.445036 -9.512656
70 3 193 194 195 197 -0.790004 -0.736215 -9.780270
71 3 196 197 198 200 -0.985137 -1.082085 -9.901549
72 3 199 200 201 203 -0.849158 -0.654839 -9.646498
73 3 202 203 204 206 -0.626782 -0.431640 -9.526356
74 3 205 206 207 209 -0.876822 -1.003720 -9.932008
75 3 208 209 210 212 -1.015528 -0.985647 -9.827381
76 3 211 212 213 215 -0.768645 -0.508632 -9.576007
77 3 214 215 216 218 -0.768998 -0.645895 -9.741661
78 3 217 218 219 221 -0.949529 -1.039789 -9.875306
79 3 220 221 222 224 -0.888757 -0.730458 -9.681399
80 3 223 224 225 227 -0.681621 -0.501846 -9.545528
81 3 226 227 228 230 -0.860602 -0.955923 -9.933107
82 3 229 230 231 233 -1.003779 -0.933593 -9.844131
83 3 232 233 234 236 -0.785660 -0.475907 -9.519099
84 3 235 236 237 239 -0.738578 -0.608414 -9.655216
85 3 238 239 240 242 -0.965190 -1.076456 -9.892527
86 3 241 242 243 245 -0.956178 -0.793623 -9.752939
87 3 244 245 246 248 -0.684926 -0.394394 -9.507645
88 3 247 248 249 251 -0.872723 -0.833104 -9.872119
89 3 250 251 252 254 -1.025550 -0.977772 -9.852633
90 3 253 254 255 257 -0.796437 -0.579024 -9.604466
91 3 256 257 258 260 -0.693144 -0.572296 -9.627188
92 3 259 260 261 263 -0.940958 -1.024157 -9.912356
93 3 262 263 264 266 -0.935751 -0.789749 -9.784752
94 3 265 266 267 269 -0.698204 -0.423078 -9.511264
95 3 268 269 270 272 -0.846226 -0.795859 -9.845465
96 3 271 272 273 275 -0.996728 -0.952245 -9.906423
97 3 274 275 276 278 -0.861730 -0.578406 -9.626561
98 3 277 278 279 281 -0.691094 -0.547074 -9.591884
99 3 280 281 282 284 -0.908763 -1.026452 -9.911601
100 3 283 284 285 287 -0.935515 -0.859857 -9.800374
101 3 286 287 288 290 -0.703941 -0.453244 -9.469389
102 3 289 290 291 293 -0.785993 -0.734145 -9.820360
103 3 292 293 294 296 -1.004466 -1.070759 -9.921751
104 3 295 296 297 299 -0.890787 -0.710149 -9.676535
105 3 298 299 300 302 -0.685514 -0.502130 -9.572222
106 3 301 302 303 305 -0.905674 -0.992345 -9.898401
107 3 304 305 306 308 -0.966181 -0.897436 -9.786527
108 3 307 308 309 311 -0.720955 -0.489332 -9.514883
109 3 310 311 312 314 -0.770077 -0.752298 -9.788547
110 3 313 314 315 317 -0.985088 -1.077290 -9.914396
111 3 316 317 318 320 -0.915549 -0.687368 -9.692648
112 3 319 320 321 323 -0.716337 -0.478869 -9.499496
113 3 322 323 324 326 -0.913882 -0.965641 -9.896136
114 3 325 326 327 329 -1.004407 -0.954118 -9.848456
115 3 328 329 330 332 -0.750562 -0.532707 -9.524738
116 3 331 332 333 335 -0.723652 -0.647111 -9.710339
117 3 334 335 336 338 -0.981812 -1.076456 -9.903697
118 3 337 338 339 341 -0.975095 -0.799399 -9.747330
119 4 7 10 0.001037 0.000514 0.000379
120 4 10 13 -0.004550 -0.003176 -0.004982
121 4 13 16 0.003347 -0.003112 0.005163
122 4 16 19 0.000166 0.010755 0.007196
123 4 19 22 0.005137 0.007177 -0.001733
124 4 22 25 0.002184 -0.004771 -0.003717
125 4 25 28 0.004738 0.000236 0.001237
126 4 28 31 0.007343 0.001563 -0.005398
127 4 31 34 0.007369 0.002664 0.000936
128 4 34 37 0.011272 -0.002037 0.008324
129 4 37 40 0.005754 0.003452 0.008704
130 4 40 43 -0.000789 0.003458 0.007776
131 4 43 46 0.002709 0.000906 -0.000059
132 4 46 49 0.008013 0.001061 -0.000491
133 4 49 52 0.001866 0.007175 -0.000477
134 4 52 55 0.003503 -0.002066 -0.001835
135 4 55 58 0.011561 -0.004683 -0.009655
136 4 58 61 0.012173 -0.000890 -0.004817
137 4 61 64 0.008353 0.005069 0.002206
138 4 64 67 0.010524 -0.001191 0.001104
139 4 67 70 0.007219 -0.003309 -0.000974
140 4 70 73 0.004769 -0.000399 -0.001717
141 4 73 76 -0.000713 0.009634 0.001476
142 4 76 79 0.002069 -0.000327 0.000152
143 4 79 82 0.013997 -0.001211 -0.003726
144 4 82 85 0.004189 0.011737 -0.001174
145 4 85 88 -0.010368 0.002528 0.005463
146 4 88 91 0.003007 0.002373 0.001388
147 4 91 94 0.001524 0.000962 0.003335
148 4 94 97 -0.005571 0.011017 -0.002922
149 4 97 100 -0.011066 -0.000285 0.002146
150 4 100 103 -0.005083 0.003244 -0.000733
151 4 103 106 -0.002492 0.002184 -0.002660
152 4 106 109 -0.003961 -0.003534 0.000436
153 4 109 112 0.003578 -0.002852 -0.001473
154 4 112 115 -0.002576 0.002886 -0.002826
155 4 115 118 0.001277 0.008052 0.001836
156 4 118 121 0.001011 0.011443 -0.002104
157 4 121 124 0.004342 0.004723 0.002023
158 4 124 127 0.006366 0.003067 -0.001071
159 4 127 130 -0.000922 0.007593 0.000555
160 4 130 133 0.005233 0.000532 -0.005461
161 4 133 136 0.013814 0.002528 -0.002368
162 4 136 139 0.007851 0.007233 -0.002040
163 4 139 142 -0.003151 -0.001342 -0.004981
164 4 142 145 -0.000030 0.000673 0.000968
165 4 145 148 0.000699 0.002715 0.004278
166 4 148 151 -0.002801 0.006443 -0.008656
167 4 151 154 0.001164 -0.004656 -0.007729
168 4 154 157 0.006930 -0.006514 -0.006078
169 4 157 160 0.005860 0.002818 -0.003428
170 4 160 163 -0.000885 -0.000981 0.006592
171 4 163 166 0.008137 0.000103 0.005864
172 4 166 169 0.006961 0.008330 0.003943
173 4 169 172 0.005261 0.002211 -0.002158
174 4 172 175 -0.000739 0.003081 0.000825
175 4 175 178 0.003618 0.003643 0.001536
176 4 178 181 -0.002989 0.003079 0.004385
177 4 181 184 0.003754 0.000237 -0.004059
178 4 184 187 0.005745 -0.002926 0.001319
179 4 187 190 0.000150 0.001353 -0.003958
180 4 190 193 -0.000106 0.000704 -0.001125
181 4 193 196 0.000434 0.000514 -0.006084
182 4 196 199 0.003415 0.002105 0.003475
183 4 199 202 0.004564 0.013501 0.003375
184 4 202 205 0.006039 0.002755 0.000715
185 4 205 208 0.000126 -0.003709 -0.000267
186 4 208 211 -0.002839 0.006389 0.001977
187 4 211 214 -0.001476 0.004505 0.000539
188 4 214 217 0.000536 -0.001631 0.000479
189 4 217 220 0.002086 0.002795 0.004564
190 4 220 223 0.007780 0.005107 0.003004
191 4 223 226 -0.001625 -0.002868 0.003648
192 4 226 229 -0.004691 -0.006745 -0.002896
193 4 229 232 0.007647 0.005274 -0.000020
194 4 232 235 0.011288 0.008688 -0.001508
195 4 235 238 -0.004914 0.002627 -0.006944
196 4 238 241 0.000580 0.003465 -0.004562
197 4 241 244 0.002587 0.007939 0.000549
198 4 244 247 0.004684 0.006703 0.002708
199 4 247 250 0.006554 0.009129 -0.004823
200 4 250 253 0.005265 0.000290 -0.001629
201 4 253 256 0.002463 0.003533 0.003177
202 4 256 259 -0.000569 0.001843 -0.000461
203 4 259 262 0.006642 0.005446 0.000395
204 4 262 265 0.004836 0.006569 -0.000680
205 4 265 268 0.001646 0.006907 -0.000740
206 4 268 271 0.001891 -0.000910 -0.001788
207 4 271 274 0.008052 -0.001203 -0.000630
208 4 274 277 0.012482 -0.001553 -0.006995
209 4 277 280 0.002126 -0.003271 -0.002215
210 4 280 283 0.002569 0.003408 0.007600
211 4 283 286 0.008451 0.009234 0.002197
212 4 286 289 -0.001650 0.004454 -0.003205
213 4 289 292 -0.001443 -0.002447 -0.002364
214 4 292 295 0.001911 0.002341 0.001214
215 4 295 298 0.007500 0.001170 0.004348
216 4 298 301 0.002664 -0.001249 0.002344
217 4 301 304 0.003056 -0.007320 0.004998
218 4 304 307 0.010732 0.000096 0.006095
219 4 307 310 0.003503 0.008153 0.000784
220 4 310 313 -0.000776 -0.002084 -0.001874
221 4 313 316 0.007057 0.002044 0.001785
222 4 316 319 0.005149 0.007107 0.001494
223 4 319 322 -0.001468 0.004371 -0.000899
224 4 322 325 0.001905 -0.003445 -0.000396
225 4 325 328 0.006181 0.002334 -0.001327
226 4 328 331 -0.001464 0.004805 -0.000774
227 4 331 334 -0.004240 -0.001154 0.004813
228 4 334 337 0.005124 0.000171 0.004639
229 4 337 340 0.010289 0.005679 0.002744
230 5 8 9 11
231 5 11 12 14
232 5 14 15 17
233 5 17 18 20
234 5 20 21 23
235 5 23 24 26
236 5 26 27 29
237 5 29 30 32
238 5 32 33 35
239 5 35 36 38
240 5 38 39 41
241 5 41 42 44
242 5 44 45 47
243 5 47 48 50
244 5 50 51 53
245 5 53 54 56
246 5 56 57 59
247 5 59 60 62
248 5 62 63 65
249 5 65 66 68
250 5 68 69 71
251 5 71 72 74
252 5 74 75 77
253 5 77 78 80
254 5 80 81 83
255 5 83 84 86
256 5 86 87 89
257 5 89 90 92
258 5 92 93 95
259 5 95 96 98
260 5 98 99 101
261 5 101 102 104
262 5 104 105 107
263 5 107 108 110
264 5 110 111 113
265 5 113 114 116
266 5 116 117 119
267 5 119 120 122
268 5 122 123 125
269 5 125 126 128
270 5 128 129 131
271 5 131 132 134
272 5 134 135 137
273 5 137 138 140
274 5 140 141 143
275 5 143 144 146
276 5 146 147 149
277 5 149 150 152
278 5 152 153 155
279 5 155 156 158
280 5 158 159 161
281 5 161 162 164
282 5 164 165 167
283 5 167 168 170
284 5 170 171 173
285 5 173 174 176
286 5 176 177 179
287 5 179 180 182
288 5 182 183 185
289 5 185 186 188
290 5 188 189 191
291 5 191 192 194
292 5 194 195 197
293 5 197 198 200
294 5 200 201 203
295 5 203 204 206
296 5 206 207 209
297 5 209 210 212
298 5 212 213 215
299 5 215 216 218
300 5 218 219 221
301 5 221 222 224
302 5 224 225 227
303 5 227 228 230
304 5 230 231 233
305 5 233 234 236
306 5 236 237 239
307 5 239 240 242
308 5 242 243 245
309 5 245 246 248
310 5 248 249 251
311 5 251 252 254
312 5 254 255 257
313 5 257 258 260
314 5 260 261 263
315 5 263 264 266
316 5 266 267 269
317 5 269 270 272
318 5 272 273 275
319 5 275 276 278
320 5 278 279 281
321 5 281 282 284
322 5 284 285 287
323 5 287 288 290
324 5 290 291 293
325 5 293 294 296
326 5 296 297 299
327 5 299 300 302
328 5 302 303 305
329 5 305 306 308
330 5 308 309 311
331 5 311 312 314
332 5 314 315 317
333 5 317 318 320
334 5 320 321 323
335 5 323 324 326
336 5 326 327 329
337 5 329 330 332
338 5 332 333 335
339 5 335 336 338
340 5 338 339 341
