1 1 0.000000 0.000000 0.000000 0.000000 0.000000 0.000000
2 2 0.000000 0.000000 0.000000
3 3 0.000000 0.000000 0.000000
4 4 0.000000 0.000000 0.000000
5 2 0.000000 0.000000 0.000000
6 3 0.000000 0.000000 0.000000
7 4 0.000000 0.000000 0.000000
8 2 0.000000 0.000000 0.000000
9 3 0.000000 0.000000 0.000000
10 4 0.000000 0.000000 0.000000
11 2 0.000000 0.000000 0.000000
12 3 0.000000 0.000000 0.000000
13 4 0.000000 0.000000 0.000000
14 2 0.000000 0.000000 0.000000
15 3 0.000000 0.000000 0.000000
16 4 0.000000 0.000000 0.000000
17 2 0.000000 0.000000 0.000000
18 3 0.000000 0.000000 0.000000
19 4 0.000000 0.000000 0.000000
20 2 0.000000 0.000000 0.000000
21 3 0.000000 0.000000 0.000000
22 4 0.000000 0.000000 0.000000
23 2 0.000000 0.000000 0.000000
24 3 0.000000 0.000000 0.000000
25 4 0.000000 0.000000 0.000000
26 2 0.000000 0.000000 0.000000
27 3 0.000000 0.000000 0.000000
28 4 0.000000 0.000000 0.000000
29 2 0.000000 0.000000 0.000000
30 3 0.000000 0.000000 0.000000
31 4 0.000000 0.000000 0.000000
32 2 0.000000 0.000000 0.000000
33 3 0.000000 0.000000 0.000000
34 4 0.000000 0.000000 0.000000
35 2 0.000000 0.000000 0.000000
36 3 0.000000 0.000000 0.000000
37 4 0.000000 0.000000 0.000000
38 2 0.000000 0.000000 0.000000
39 3 0.000000 0.000000 0.000000
40 4 0.000000 0.000000 0.000000
41 2 0.000000 0.000000 0.000000
42 3 0.000000 0.000000 0.000000
43 4 0.000000 0.000000 0.000000
44 2 0.000000 0.000000 0.000000
45 3 0.000000 0.000000 0.000000
46 4 0.000000 0.000000 0.000000
47 2 0.000000 0.000000 0.000000
48 3 0.000000 0.000000 0.000000
49 4 0.000000 0.000000 0.000000
50 2 0.000000 0.000000 0.000000
51 3 0.000000 0.000000 0.000000
52 4 0.000000 0.000000 0.000000
53 2 0.000000 0.000000 0.000000
54 3 0.000000 0.000000 0.000000
55 4 0.000000 0.000000 0.000000
56 2 0.000000 0.000000 0.000000
57 3 0.000000 0.000000 0.000000
58 4 0.000000 0.000000 0.000000
59 2 0.000000 0.000000 0.000000
60 3 0.000000 0.000000 0.000000
61 4 0.000000 0.000000 0.000000
62 2 0.000000 0.000000 0.000000
63 3 0.000000 0.000000 0.000000
64 4 0.000000 0.000000 0.000000
65 2 0.000000 0.000000 0.000000
66 3 0.000000 0.000000 0.000000
67 4 0.000000 0.000000 0.000000
68 2 0.000000 0.000000 0.000000
69 3 0.000000 0.000000 0.000000
70 4 0.000000 0.000000 0.000000
71 2 0.000000 0.000000 0.000000
72 3 0.000000 0.000000 0.000000
73 4 0.000000 0.000000 0.000000
74 2 0.000000 0.000000 0.000000
75 3 0.000000 0.000000 0.000000
76 4 0.000000 0.000000 0.000000
77 2 0.000000 0.000000 0.000000
78 3 0.000000 0.000000 0.000000
79 4 0.000000 0.000000 0.000000
80 2 0.000000 0.000000 0.000000
81 3 0.000000 0.000000 0.000000
82 4 0.000000 0.000000 0.000000
83 2 0.000000 0.000000 0.000000
84 3 0.000000 0.000000 0.000000
85 4 0.000000 0.000000 0.000000
86 2 0.000000 0.000000 0.000000
87 3 0.000000 0.000000 0.000000
88 4 0.000000 0.000000 0.000000
89 2 0.000000 0.000000 0.000000
90 3 0.000000 0.000000 0.000000
91 4 0.000000 0.000000 0.000000
92 2 0.000000 0.000000 0.000000
93 3 0.000000 0.000000 0.000000
94 4 0.000000 0.000000 0.000000
95 2 0.000000 0.000000 0.000000
96 3 0.000000 0.000000 0.000000
97 4 0.000000 0.000000 0.000000
98 2 0.000000 0.000000 0.000000
99 3 0.000000 0.000000 0.000000
100 4 0.000000 0.000000 0.000000
101 2 0.000000 0.000000 0.000000
102 3 0.000000 0.000000 0.000000
103 4 0.000000 0.000000 0.000000
104 2 0.000000 0.000000 0.000000
105 3 0.000000 0.000000 0.000000
106 4 0.000000 0.000000 0.000000
107 2 0.000000 0.000000 0.000000
108 3 0.000000 0.000000 0.000000
109 4 0.000000 0.000000 0.000000
110 2 0.000000 0.000000 0.000000
111 3 0.000000 0.000000 0.000000
112 4 0.000000 0.000000 0.000000
113 2 0.000000 0.000000 0.000000
114 3 0.000000 0.000000 0.000000
115 4 0.000000 0.000000 0.000000
116 2 0.000000 0.000000 0.000000
117 3 0.000000 0.000000 0.000000
118 4 0.000000 0.000000 0.000000
119 2 0.000000 0.000000 0.000000
120 3 0.000000 0.000000 0.000000
121 4 0.000000 0.000000 0.000000
122 2 0.000000 0.000000 0.000000
123 3 0.000000 0.000000 0.000000
124 4 0.000000 0.000000 0.000000
125 2 0.000000 0.000000 0.000000
126 3 0.000000 0.000000 0.000000
127 4 0.000000 0.000000 0.000000
128 2 0.000000 0.000000 0.000000
129 3 0.000000 0.000000 0.000000
130 4 0.000000 0.000000 0.000000
131 2 0.000000 0.000000 0.000000
132 3 0.000000 0.000000 0.000000
133 4 0.000000 0.000000 0.000000
134 2 0.000000 0.000000 0.000000
135 3 0.000000 0.000000 0.000000
136 4 0.000000 0.000000 0.000000
137 2 0.000000 0.000000 0.000000
138 3 0.000000 0.000000 0.000000
139 4 0.000000 0.000000 0.000000
140 2 0.000000 0.000000 0.000000
141 3 0.000000 0.000000 0.000000
142 4 0.000000 0.000000 0.000000
143 2 0.000000 0.000000 0.000000
144 3 0.000000 0.000000 0.000000
145 4 0.000000 0.000000 0.000000
146 2 0.000000 0.000000 0.000000
147 3 0.000000 0.000000 0.000000
148 4 0.000000 0.000000 0.000000
149 2 0.000000 0.000000 0.000000
150 3 0.000000 0.000000 0.000000
151 4 0.000000 0.000000 0.000000
152 2 0.000000 0.000000 0.000000
153 3 0.000000 0.000000 0.000000
154 4 0.000000 0.000000 0.000000
155 2 0.000000 0.000000 0.000000
156 3 0.000000 0.000000 0.000000
157 4 0.000000 0.000000 0.000000
158 2 0.000000 0.000000 0.000000
159 3 0.000000 0.000000 0.000000
160 4 0.000000 0.000000 0.000000
161 2 0.000000 0.000000 0.000000
162 3 0.000000 0.000000 0.000000
163 4 0.000000 0.000000 0.000000
164 2 0.000000 0.000000 0.000000
165 3 0.000000 0.000000 0.000000
166 4 0.000000 0.000000 0.000000
167 2 0.000000 0.000000 0.000000
168 3 0.000000 0.000000 0.000000
169 4 0.000000 0.000000 0.000000
170 2 0.000000 0.000000 0.000000
171 3 0.000000 0.000000 0.000000
172 4 0.000000 0.000000 0.000000
173 2 0.000000 0.000000 0.000000
174 3 0.000000 0.000000 0.000000
175 4 0.000000 0.000000 0.000000
176 2 0.000000 0.000000 0.000000
177 3 0.000000 0.000000 0.000000
178 4 0.000000 0.000000 0.000000
179 2 0.000000 0.000000 0.000000
180 3 0.000000 0.000000 0.000000
181 4 0.000000 0.000000 0.000000
182 2 0.000000 0.000000 0.000000
183 3 0.000000 0.000000 0.000000
184 4 0.000000 0.000000 0.000000
185 2 0.000000 0.000000 0.000000
186 3 0.000000 0.000000 0.000000
187 4 0.000000 0.000000 0.000000
188 2 0.000000 0.000000 0.000000
189 3 0.000000 0.000000 0.000000
190 4 0.000000 0.000000 0.000000
191 2 0.000000 0.000000 0.000000
192 3 0.000000 0.000000 0.000000
193 4 0.000000 0.000000 0.000000
194 2 0.000000 0.000000 0.000000
195 3 0.000000 0.000000 0.000000
196 4 0.000000 0.000000 0.000000
197 2 0.000000 0.000000 0.000000
198 3 0.000000 0.000000 0.000000
199 4 0.000000 0.000000 0.000000
200 2 0.000000 0.000000 0.000000
201 3 0.000000 0.000000 0.000000
202 4 0.000000 0.000000 0.000000
203 2 0.000000 0.000000 0.000000
204 3 0.000000 0.000000 0.000000
205 4 0.000000 0.000000 0.000000
206 2 0.000000 0.000000 0.000000
207 3 0.000000 0.000000 0.000000
208 4 0.000000 0.000000 0.000000
209 2 0.000000 0.000000 0.000000
210 3 0.000000 0.000000 0.000000
211 4 0.000000 0.000000 0.000000
212 2 0.000000 0.000000 0.000000
213 3 0.000000 0.000000 0.000000
214 4 0.000000 0.000000 0.000000
215 2 0.000000 0.000000 0.000000
216 3 0.000000 0.000000 0.000000
217 4 0.000000 0.000000 0.000000
218 2 0.000000 0.000000 0.000000
219 3 0.000000 0.000000 0.000000
220 4 0.000000 0.000000 0.000000
221 2 0.000000 0.000000 0.000000
222 3 0.000000 0.000000 0.000000
223 4 0.000000 0.000000 0.000000
224 2 0.000000 0.000000 0.000000
225 3 0.000000 0.000000 0.000000
226 4 0.000000 0.000000 0.000000
227 2 0.000000 0.000000 0.000000
228 3 0.000000 0.000000 0.000000
229 4 0.000000 0.000000 0.000000
230 2 0.000000 0.000000 0.000000
231 3 0.000000 0.000000 0.000000
232 4 0.000000 0.000000 0.000000
233 2 0.000000 0.000000 0.000000
234 3 0.000000 0.000000 0.000000
235 4 0.000000 0.000000 0.000000
236 2 0.000000 0.000000 0.000000
237 3 0.000000 0.000000 0.000000
238 4 0.000000 0.000000 0.000000
239 2 0.000000 0.000000 0.000000
240 3 0.000000 0.000000 0.000000
241 4 0.000000 0.000000 0.000000
242 2 0.000000 0.000000 0.000000
243 3 0.000000 0.000000 0.000000
244 4 0.000000 0.000000 0.000000
245 2 0.000000 0.000000 0.000000
246 3 0.000000 0.000000 0.000000
247 4 0.000000 0.000000 0.000000
248 2 0.000000 0.000000 0.000000
249 3 0.000000 0.000000 0.000000
250 4 0.000000 0.000000 0.000000
251 2 0.000000 0.000000 0.000000
252 3 0.000000 0.000000 0.000000
253 4 0.000000 0.000000 0.000000
254 2 0.000000 0.000000 0.000000
255 3 0.000000 0.000000 0.000000
256 4 0.000000 0.000000 0.000000
257 2 0.000000 0.000000 0.000000
258 3 0.000000 0.000000 0.000000
259 4 0.000000 0.000000 0.000000
260 2 0.000000 0.000000 0.000000
261 3 0.000000 0.000000 0.000000
262 4 0.000000 0.000000 0.000000
263 2 0.000000 0.000000 0.000000
264 3 0.000000 0.000000 0.000000
265 4 0.000000 0.000000 0.000000
266 2 0.000000 0.000000 0.000000
267 3 0.000000 0.000000 0.000000
268 4 0.000000 0.000000 0.000000
269 2 0.000000 0.000000 0.000000
270 3 0.000000 0.000000 0.000000
271 4 0.000000 0.000000 0.000000
272 2 0.000000 0.000000 0.000000
273 3 0.000000 0.000000 0.000000
274 4 0.000000 0.000000 0.000000
275 2 0.000000 0.000000 0.000000
276 3 0.000000 0.000000 0.000000
277 4 0.000000 0.000000 0.000000
278 2 0.000000 0.000000 0.000000
279 3 0.000000 0.000000 0.000000
280 4 0.000000 0.000000 0.000000
281 2 0.000000 0.000000 0.000000
282 3 0.000000 0.000000 0.000000
283 4 0.000000 0.000000 0.000000
284 2 0.000000 0.000000 0.000000
285 3 0.000000 0.000000 0.000000
286 4 0.000000 0.000000 0.000000
287 2 0.000000 0.000000 0.000000
288 3 0.000000 0.000000 0.000000
289 4 0.000000 0.000000 0.000000
290 2 0.000000 0.000000 0.000000
291 3 0.000000 0.000000 0.000000
292 4 0.000000 0.000000 0.000000
293 2 0.000000 0.000000 0.000000
294 3 0.000000 0.000000 0.000000
295 4 0.000000 0.000000 0.000000
296 2 0.000000 0.000000 0.000000
297 3 0.000000 0.000000 0.000000
298 4 0.000000 0.000000 0.000000
299 2 0.000000 0.000000 0.000000
300 3 0.000000 0.000000 0.000000
301 4 0.000000 0.000000 0.000000
302 2 0.000000 0.000000 0.000000
303 3 0.000000 0.000000 0.000000
304 4 0.000000 0.000000 0.000000
305 2 0.000000 0.000000 0.000000
306 3 0.000000 0.000000 0.000000
307 4 0.000000 0.000000 0.000000
308 2 0.000000 0.000000 0.000000
309 3 0.000000 0.000000 0.000000
310 4 0.000000 0.000000 0.000000
311 2 0.000000 0.000000 0.000000
312 3 0.000000 0.000000 0.000000
313 4 0.000000 0.000000 0.000000
314 2 0.000000 0.000000 0.000000
315 3 0.000000 0.000000 0.000000
316 4 0.000000 0.000000 0.000000
317 2 0.000000 0.000000 0.000000
318 3 0.000000 0.000000 0.000000
319 4 0.000000 0.000000 0.000000
320 2 0.000000 0.000000 0.000000
321 3 0.000000 0.000000 0.000000
322 4 0.000000 0.000000 0.000000
323 2 0.000000 0.000000 0.000000
324 3 0.000000 0.000000 0.000000
325 4 0.000000 0.000000 0.000000
326 2 0.000000 0.000000 0.000000
327 3 0.000000 0.000000 0.000000
328 4 0.000000 0.000000 0.000000
329 2 0.000000 0.000000 0.000000
330 3 0.000000 0.000000 0.000000
331 4 0.000000 0.000000 0.000000
332 2 0.000000 0.000000 0.000000
333 3 0.000000 0.000000 0.000000
334 4 0.000000 0.000000 0.000000
335 2 0.000000 0.000000 0.000000
336 3 0.000000 0.000000 0.000000
337 4 0.000000 0.000000 0.000000
